,LQ_Company_Name,LQ_Company_Address,LQ_Service,LQ_Customer_Name,Calls Count,Connection Made Calls,TO_Event_O,timezone,season_status,TO_User_M,lgs_sentiment_style,lgs_agent_gender,TO_length_in_sec,is_decision_maker,ready_for_customers,forbidden_industry,ready_to_transfer,customer_sentiment_lgs,customer_sentiment_omc,customer_language,customer_knows_marketing,customer_availability,who_said_hello_first_lgs,customer_marketing_experience,technical_quality_score,technical_quality_issues,TO_OMC_User,TO_OMC_Disposiion,omc_agent_sentiment_style,omc_who_said_hello_first,customer_talk_percentage,total_discovery_questions,total_buying_signals,time_to_reason_seconds,location_mentioned,business_type_mentioned,within_45_seconds,call_structure_framed,total_objections,objections_acknowledged,price_mentions_final_2min,timeline_mentions_final_2min,contract_mentions_final_2min,objections_rebutted,total_interruptions,commitment_type,call_result_tag
LQ_Company_Name,1.0,0.7087412396290146,0.5537623470606085,0.6078128277366122,-0.0018677437062588548,-0.05722949491508117,0.6598047368471975,0.035280108579828065,0.006327340513172481,0.1869599579093399,0.11770683819485502,0.046455626376637284,0.11851129215052585,0.02941382749079142,0.05783338095188669,0.014573303188506158,0.038098869028383935,0.09637314753171987,0.2765919321450034,0.02407248899850753,0.022822037481199646,0.028559365164850928,0.04923690452631872,0.06498910194443219,-0.014197326313419243,0.15831475970465014,0.10120078708544697,0.30239785353464627,0.21650526981496807,0.11694754254793213,0.15497263165981134,0.4605451261155231,0.4859534956323501,0.05022876630189253,0.08495734196423928,0.06774745471115638,-0.03375075371418374,0.10073775670090022,0.2530660881951978,0.24820376704607428,0.2737430294633469,0.22513191590651968,0.12343489224099174,0.31015461648695364,0.33743428346622956,0.21826608077984289,0.40020613049869763
LQ_Company_Address,0.7087412396290146,1.0,0.5914215233718437,0.6938519637379656,-0.0385472573576545,-0.07718382122696825,0.7115392210416606,0.05537488399057937,0.0011786134113366622,0.20183755568691888,0.13560522140057393,0.056028358475686386,0.15958293752977912,0.053594564958245966,0.08893332446686103,0.020890601678629654,0.09529236395013388,0.1415220826745331,0.27893891997817594,0.0812790799288211,0.032660300115526446,0.05395404051879017,0.09595711180098494,0.06571530125912758,-0.05391703564532732,0.14389154065760412,0.07081161811683247,0.30079001862131177,0.25837581790363207,0.13709533292921328,0.18504543257426012,0.4843777739062134,0.5191606717303153,0.07233850939573093,0.1264956264894173,0.10386585476408482,0.010381661667404526,0.12154234510516235,0.2892430883643046,0.23536220038244568,0.30393567239589386,0.23654868222132433,0.10572967046781506,0.32501766164203866,0.34254113787680757,0.23778045833552344,0.44139956527308516
LQ_Service,0.5537623470606085,0.5914215233718437,1.0,0.5686504394364104,-0.029707380584981957,-0.06478673577783242,0.5551060822422315,0.048297983423647196,0.06524498117652823,0.2146744041176863,0.04463555916999613,0.06260865677893844,0.13302732527118008,0.041393039633651686,0.07266749166557405,0.008996521679248387,0.05654867990670617,0.0927164407110741,0.2168001246326747,0.006508803834864865,0.0030990532525998725,0.05242854772124431,0.0722915329903811,0.01795462527163248,-0.00034653181297204815,0.10818578606316201,0.10089730906763104,0.2213953933947577,0.17005660519023255,0.0960834892016815,0.1308898865129923,0.37806089637811785,0.3773309316224491,-0.002793385960788687,0.10445124687590775,0.05574865238016787,0.006555274050157094,0.07646979233906857,0.17975413370529486,0.15281388237134985,0.23960548983652477,0.17013245689288997,0.09163321110160422,0.22010533321738585,0.23690483485246688,0.18341321179101153,0.3379353025838633
LQ_Customer_Name,0.6078128277366122,0.6938519637379656,0.5686504394364104,1.0,-0.046047353956571384,-0.057048356029738734,0.6523257371870159,0.046794459145563246,0.03691866493403796,0.17422374544936117,0.10465814482687279,0.03916191049792701,0.14165729740902627,0.06869652276952083,0.10749941177815589,0.025708550623196554,0.08523938355286945,0.12940501294692,0.2798717148005086,0.03286759078285182,0.0360228237619892,0.0647582194649251,0.05295768851759586,0.06866483667780207,-0.017154133287874646,0.11538185844005484,0.11503575873703417,0.2524667190066129,0.23827294600246995,0.12075308294601847,0.18455025917191675,0.4559388863338103,0.49638235719974044,0.07211364406562445,0.11811575855159263,0.09632737681188157,0.03890965331995559,0.10733635371588353,0.2409610839128981,0.23806369593558682,0.29012105927642257,0.22591444594937513,0.08861045630784418,0.28983043471962466,0.3020149178698448,0.24548219400997348,0.43147295700281146
Calls Count,-0.0018677437062588548,-0.0385472573576545,-0.029707380584981957,-0.046047353956571384,1.0,0.5513665411417663,-0.01976676091174255,0.030632856441121736,-0.027320686966986217,0.007389125408446628,0.01807352468488283,-0.06208422713969107,-0.07482045231832797,-0.01895548254271946,0.016760821310905033,-0.01640617597677409,-0.024629199491490426,0.015813566543902945,-0.04124560345143013,0.04809369275594519,-0.03348486463752281,-0.0125847030554791,0.027353739324579178,-0.008223262670243031,-0.01665561723028641,0.05782489596003426,-0.012607370380682485,0.009815362118569792,0.014502026711445005,-0.004158856454757148,-0.026951760788605054,-0.06969245162638528,-0.05597831149089737,-0.045622426235582714,-0.09560722139444532,0.010806349225851828,-0.05787865853073,-0.05066613973027659,-0.03275050533722918,-0.03220173897523127,-0.004446493270356385,0.0005091333362085023,-0.008919566400632446,-0.02764071872795046,-0.030898186725882803,-0.0026888538001125194,-0.04080215466214452
Connection Made Calls,-0.05722949491508117,-0.07718382122696825,-0.06478673577783242,-0.057048356029738734,0.5513665411417663,1.0,-0.055124963023402834,0.03720131493320701,-0.003071047778819569,-0.1476813264484225,0.02001195167422889,0.04375423857357268,-0.09987266938228304,-0.05267229289475492,-0.005768051977864454,-0.0349149021930275,-0.0347068675711271,-0.027585308180773805,-0.029185373341587575,0.03557838284081039,-0.04251919620762815,-0.037314772704793005,-0.009550804985423952,-0.0799590501139795,0.045320508151953175,0.018630014417397294,0.023934978664664725,0.007940206705212975,-0.04303044829741851,0.003739105956023749,-0.004072863370278831,-0.07634241740764179,-0.061165635320088736,-0.013832087437483204,-0.06450475134243137,-0.015543610198968851,-0.03960120442960055,-0.0366864788725171,-0.004045435577365976,-0.010081883420973648,-0.05274291328367389,-0.022497370255448654,-0.012303928880689782,-0.006313998668617618,-0.02219800935683843,-0.029074734424924302,-0.057167895538912744
TO_Event_O,0.6598047368471975,0.7115392210416606,0.5551060822422315,0.6523257371870159,-0.01976676091174255,-0.055124963023402834,1.0,0.0601269405144826,0.021818324345510773,0.18189874220735697,0.1433929914025192,0.02228028738654916,0.16048340651320048,0.12182359314690404,0.07717709965585944,0.069266754410311,0.12156724786965127,0.12686703146474002,0.2657390630352459,0.11043430596525929,0.0568103682162731,0.07109264337880143,0.10020800902853647,0.04219671042133429,0.008182329971061844,0.14996241373282862,0.11023598839666925,0.3114198132009414,0.24892443044401344,0.1204498982442565,0.19101137335692656,0.538114143322861,0.5294183699373654,0.09440676030672959,0.15379760580504145,0.11359802730698665,0.016001303974043375,0.15116464545300826,0.30872199407837037,0.2738099175279058,0.33573440529084453,0.2894279840075046,0.1253304075494857,0.3719082405776469,0.3980935917531392,0.2575443610181461,0.4718082086839413
timezone,0.035280108579828065,0.05537488399057937,0.048297983423647196,0.046794459145563246,0.030632856441121736,0.03720131493320701,0.0601269405144826,1.0,0.012592845371542044,0.08584057841852302,0.05522485790685543,0.10750845009379306,0.01071559421159004,0.07702206633670153,0.06741592460234927,0.03561548295078527,0.03255572168348995,0.08154102873181007,0.033822034608436226,0.03618110403741274,0.05661001467465879,0.09930231119560302,0.07730958805150234,0.030005819210661294,0.042795846240147796,0.0329290377031526,0.055685285775214755,0.05946668970632105,0.053110748639336104,0.01234785239328908,0.06234803368693508,0.07169287309759358,0.08060570056324323,0.0181154915579077,0.025945958990914755,0.007044892106146365,0.012432106936321597,0.00917440210586789,0.04725248243492966,0.04989743280363099,0.06842494650682955,0.016513520674273658,-0.0006690244683518653,0.058889636040000595,0.059634588051271246,0.03689427676131035,0.12097561914299122
season_status,0.006327340513172481,0.0011786134113366622,0.06524498117652823,0.03691866493403796,-0.027320686966986217,-0.003071047778819569,0.021818324345510773,0.012592845371542044,1.0,0.054497166012817594,-0.07051829467078399,0.022565072995485318,-0.03995684990597674,-0.08067551017531972,-0.07394268272865102,-0.09193020790579443,-0.03600292815756207,-0.033515865256532246,0.00048310995399711276,-0.12820180937900552,-0.06525591103759881,-0.1229853834020761,-0.07734023945365644,-0.005060992314682792,-0.03748566668261847,0.03666335407266302,0.008782296940139274,-0.014260660779338106,-0.013728535356780355,-0.07120058439560888,-0.05823871691529029,-0.008995027832955057,-0.011452412225516195,-0.013430717596499294,-0.015338752166169279,-0.020979660418603236,0.01701856766245152,-0.0022276739066078547,-0.03606061464568675,-0.0015535367298309792,-0.003612165111467943,-0.02266665990763609,-0.010075978801728579,-0.048008210174333245,-0.0064337594364713285,-0.016436328507900475,-0.0014866557632320847
TO_User_M,0.1869599579093399,0.20183755568691888,0.2146744041176863,0.17422374544936117,0.007389125408446628,-0.1476813264484225,0.18189874220735697,0.08584057841852302,0.054497166012817594,1.0,0.15968953316881626,0.22129930752119978,0.32235260310540936,0.13232078612237388,0.15243543568225468,0.04400718092135685,0.24545422091984131,0.14206373737800634,0.13469324084870157,0.06888339042856009,0.09372053228982996,0.10148701800165903,0.18391461854006444,0.07654630786905653,0.01065964310731995,0.0411495501440618,0.040319054244593915,0.1116667172468874,0.10238405995468128,0.07046365603015421,0.08664608646974649,0.22978212543168292,0.19859915818802076,0.011017656196685294,0.05332505775458269,0.03272481841414063,0.01379908608079839,0.09102715526353812,0.05648878149821631,0.11515714413499499,0.15142092542789912,0.13249877861829978,0.018730790732616763,0.0879964944371284,0.15636824428237328,0.08530994594142036,0.1708837714087985
lgs_sentiment_style,0.11770683819485502,0.13560522140057393,0.04463555916999613,0.10465814482687279,0.01807352468488283,0.02001195167422889,0.1433929914025192,0.05522485790685543,-0.07051829467078399,0.15968953316881626,1.0,0.13226537730173757,0.15484744988181015,0.23854594972102078,0.1358010823427764,0.08986716571843935,0.1690977179619774,0.21156595694395094,0.03336647379630988,0.35794265424226596,0.17442433920075082,0.2251558929076018,0.31156832603008305,0.13356312534230072,0.04136462505072793,-0.025803024833350313,-0.03082414069204796,0.09585089923160904,0.18502383383544788,0.1848794842467732,0.13894253444799154,0.1835269916184311,0.16148358337791663,0.1761365376801762,0.12169473333476884,0.1385197692371053,0.07894464114860576,0.1573205692737007,0.1531287581512892,0.16956262579826925,0.15130186324627168,0.12643176751763802,0.048367067988969496,0.10705884749360993,0.16366984176690447,0.13945691647738662,0.1612797381092838
lgs_agent_gender,0.046455626376637284,0.056028358475686386,0.06260865677893844,0.03916191049792701,-0.06208422713969107,0.04375423857357268,0.02228028738654916,0.10750845009379306,0.022565072995485318,0.22129930752119978,0.13226537730173757,1.0,0.04700600902417012,0.08961304717052208,0.05815466217403498,0.04144852926771962,0.2656913028785173,0.0327608918609024,0.056216332399959906,0.06921780963048806,0.052089663494397045,0.011029150846113509,0.14199988565339425,-0.01730312779595282,0.13716269718662713,-0.00012940525179582152,-0.005572294023999311,0.05366828121603209,0.019671497087339958,0.035110612411714176,0.07383536328491637,0.09285452072524508,0.07580801402770426,0.000341726830294681,0.017838687140522818,0.0027224793827117393,0.008462117421524636,0.06261427188699688,0.0670889917461772,0.08888112805440318,0.012682562052265471,0.03265421071117426,0.003859869857026325,0.025527080039152425,0.0674104408324502,0.0029893252583045905,0.04593071425145233
TO_length_in_sec,0.11851129215052585,0.15958293752977912,0.13302732527118008,0.14165729740902627,-0.07482045231832797,-0.09987266938228304,0.16048340651320048,0.01071559421159004,-0.03995684990597674,0.32235260310540936,0.15484744988181015,0.04700600902417012,1.0,0.14314237581104944,0.0821185975874248,0.0919597509325179,0.2454383675794481,-0.03041065519872726,0.1246089727166826,0.11190530974570538,0.07293788480708718,-0.011090276768279108,0.24510684300750799,-0.04980723574260763,-0.11456665495501238,0.02334148754186348,0.01918536605221158,0.09545491303579208,0.10966388382652076,0.07769170598747162,0.07711980655144855,0.08091259570230817,0.10864698355598237,0.06244599968159307,-0.008891440298810728,-0.028256801992005618,-0.025128994280090376,0.033959000102694106,0.1440335532863185,0.10864007632931448,0.10885984873588603,0.11031289545933275,0.04672398481055016,0.13666816306501084,0.14209376444328056,0.07932639536249485,0.15817371981066572
is_decision_maker,0.02941382749079142,0.053594564958245966,0.041393039633651686,0.06869652276952083,-0.01895548254271946,-0.05267229289475492,0.12182359314690404,0.07702206633670153,-0.08067551017531972,0.13232078612237388,0.23854594972102078,0.08961304717052208,0.14314237581104944,1.0,0.2857723811517011,0.5056815105954584,0.3545877479166678,0.20418935972431243,0.07896861377028606,0.4090308359429648,0.44912436538026734,0.43332679550398645,0.29396062054212374,0.1742333254991476,-0.017409627144130527,0.005688218288852819,0.04606195556328407,0.03554283176057774,0.1343722934862972,0.14791711816564007,0.1150728486548306,0.11077510828191589,0.1034616067265648,0.12898477296988736,0.05448802072719737,0.055046705580318475,0.02718164173092921,0.09313521071015138,0.10699220080639296,0.12337474667828184,0.08094495138859518,0.08315196434077665,0.047934904255278944,0.07907743933806907,0.09676888415294196,0.05610191338381851,0.12526711205074756
ready_for_customers,0.05783338095188669,0.08893332446686103,0.07266749166557405,0.10749941177815589,0.016760821310905033,-0.005768051977864454,0.07717709965585944,0.06741592460234927,-0.07394268272865102,0.15243543568225468,0.1358010823427764,0.05815466217403498,0.0821185975874248,0.2857723811517011,1.0,0.09912381397644827,0.27916787494485296,0.26117218653744195,0.04439536525297748,0.2579271374784425,0.3038061700597709,0.2277845131990325,0.15937597643355833,0.11829226993550275,-0.003567450176890973,-0.052370606011748,-0.005750949300964689,0.02125164515317301,0.09615782777938771,0.10996779703035735,0.11757049238617416,0.13726340937127124,0.1193924471495742,0.06872578835778075,0.014929436062531451,-0.003795700318358446,0.007395931182830942,0.10040500745288722,0.08893033235974038,0.08204048160849502,0.11095992467191089,0.0675563601818966,0.025314325933248383,0.05659148510306225,0.0871905921755722,0.07326419550063312,0.12382032587474856
forbidden_industry,0.014573303188506158,0.020890601678629654,0.008996521679248387,0.025708550623196554,-0.01640617597677409,-0.0349149021930275,0.069266754410311,0.03561548295078527,-0.09193020790579443,0.04400718092135685,0.08986716571843935,0.04144852926771962,0.0919597509325179,0.5056815105954584,0.09912381397644827,1.0,0.1655300511699683,-0.0008115197304293312,0.02613924944692764,0.08501025466971084,0.05414651522651773,0.08062309838145872,0.05342644283331269,-0.02648702429048187,-0.055195717713095845,0.019183654754080737,0.036002434027472795,-0.03231847494757695,0.053723304845021566,0.03317165709520746,0.08963859554685882,0.04188395396849856,0.04102050357022146,0.04708198365471376,0.00039900872038718064,-0.0048208691285148,-0.050121326348062545,0.0168931191706965,0.06134824814381636,0.09002599072123069,0.039414344668637455,0.048244691946632265,0.010765988206102006,0.06291170352586468,0.03433957188797483,0.0258144688035772,0.03555336812319296
ready_to_transfer,0.038098869028383935,0.09529236395013388,0.05654867990670617,0.08523938355286945,-0.024629199491490426,-0.0347068675711271,0.12156724786965127,0.03255572168348995,-0.03600292815756207,0.24545422091984131,0.1690977179619774,0.2656913028785173,0.2454383675794481,0.3545877479166678,0.27916787494485296,0.1655300511699683,1.0,0.19483554385779678,0.08220385028582468,0.27407926292599516,0.2698097620092381,0.2613988589197955,0.26094770904658227,0.10407747569750088,0.052892940177597866,0.006134043933491812,-0.0028483233901488284,0.11418169928965925,0.0962832148700098,0.10495241265795521,0.10991541037511844,0.16383856933230728,0.1485556923488309,0.07722615535948921,0.05265133014895528,0.02134327729927497,0.030595932521822942,0.0928002105508917,0.10372027532874013,0.10210403661404577,0.09140773489956021,0.09458896826455625,0.019292498660424994,0.06814165905020478,0.12269458921133194,0.08548813926485499,0.10512519377231912
customer_sentiment_lgs,0.09637314753171987,0.1415220826745331,0.0927164407110741,0.12940501294692,0.015813566543902945,-0.027585308180773805,0.12686703146474002,0.08154102873181007,-0.033515865256532246,0.14206373737800634,0.21156595694395094,0.0327608918609024,-0.03041065519872726,0.20418935972431243,0.26117218653744195,-0.0008115197304293312,0.19483554385779678,1.0,0.021249262946312766,0.23166587586207993,0.2692167092678045,0.33479675397214614,0.09594340752882209,0.3239843797853281,0.0653439633793644,0.011325856171224669,-0.016914215091655912,0.09246142136145256,0.13228007823965196,0.17435828768002748,0.08443210413747188,0.1799803857316371,0.14416703090804076,0.1179943366225325,0.14462279628338667,0.09845891329202072,0.10297810315732589,0.11209555610435996,0.047488822396136804,0.064609815412172,0.06752155757595188,0.06930375762999176,-0.001874731863865242,0.05860097365567708,0.10424520776938934,0.10675499840851968,0.16150603668930896
customer_sentiment_omc,0.2765919321450034,0.27893891997817594,0.2168001246326747,0.2798717148005086,-0.04124560345143013,-0.029185373341587575,0.2657390630352459,0.033822034608436226,0.00048310995399711276,0.13469324084870157,0.03336647379630988,0.056216332399959906,0.1246089727166826,0.07896861377028606,0.04439536525297748,0.02613924944692764,0.08220385028582468,0.021249262946312766,1.0,0.015578676829459905,0.012128030322460874,0.04279058735669071,0.05485836533502881,-0.03096270406634302,0.004498999211938953,0.018864182677123628,0.019547593073529487,0.2623096092516316,0.12284779425586398,0.10405443725146331,0.14865039041435557,0.2108597302927831,0.358346886434106,0.026470397973971885,0.0700076344638619,0.04273543824083588,0.023060294206316202,0.07503416035577484,0.2379314117827825,0.17477058293468178,0.20373446120483532,0.19057352385387547,0.10591431926704979,0.22731515963097115,0.22775466364484792,0.17782534252596907,0.31227746799413
customer_language,0.02407248899850753,0.0812790799288211,0.006508803834864865,0.03286759078285182,0.04809369275594519,0.03557838284081039,0.11043430596525929,0.03618110403741274,-0.12820180937900552,0.06888339042856009,0.35794265424226596,0.06921780963048806,0.11190530974570538,0.4090308359429648,0.2579271374784425,0.08501025466971084,0.27407926292599516,0.23166587586207993,0.015578676829459905,1.0,0.4333117323243924,0.4946174252741425,0.43281241634977047,0.21395098048601,-0.00011896052746414829,-0.0504102155449871,-0.008020282051743264,0.05284416181372371,0.14569401978295443,0.25612167266397373,0.14357200540008055,0.1497705657612951,0.10803979476231515,0.14529963519080338,0.07225662817122488,0.140291125735033,0.09371018585401752,0.17078590631793997,0.15394118545246466,0.12178519156330685,0.08919830301512299,0.09074861589630827,0.044581032582309485,0.09345796535668942,0.07704866384995113,0.0962395581200325,0.10844348394379204
customer_knows_marketing,0.022822037481199646,0.032660300115526446,0.0030990532525998725,0.0360228237619892,-0.03348486463752281,-0.04251919620762815,0.0568103682162731,0.05661001467465879,-0.06525591103759881,0.09372053228982996,0.17442433920075082,0.052089663494397045,0.07293788480708718,0.44912436538026734,0.3038061700597709,0.05414651522651773,0.2698097620092381,0.2692167092678045,0.012128030322460874,0.4333117323243924,1.0,0.4588347719395679,0.27579074726588254,0.23695754804845062,-0.0479073936554344,-0.024659942415730225,-0.00036321422068993204,0.041196050197571055,0.08391572810261212,0.15548019401382568,0.07904589434729421,0.10008435550421466,0.08001368753359224,0.10783255365991065,0.060422250042724085,0.029329807810464743,0.044176178007584256,0.1008844540229165,0.0623780716610549,0.10790603379342513,0.02404714483216455,0.0706617149331526,0.01416862388347033,0.05953075380295655,0.05937453665679793,0.0607925884604482,0.07564924583053288
customer_availability,0.028559365164850928,0.05395404051879017,0.05242854772124431,0.0647582194649251,-0.0125847030554791,-0.037314772704793005,0.07109264337880143,0.09930231119560302,-0.1229853834020761,0.10148701800165903,0.2251558929076018,0.011029150846113509,-0.011090276768279108,0.43332679550398645,0.2277845131990325,0.08062309838145872,0.2613988589197955,0.33479675397214614,0.04279058735669071,0.4946174252741425,0.4588347719395679,1.0,0.31773246065877286,0.2636424441593726,0.052807341057577076,0.001307004657334238,0.014148977121867159,0.02583818030414055,0.13934249876374244,0.17520993661212084,0.07912270351869374,0.11845057672435383,0.09985492678020742,0.07167211992201128,0.0681718614508198,0.07878260592585891,0.07133689473332151,0.13148054129317138,0.04234972840104137,0.028324884607088957,0.06626193475879337,0.019340470355423377,0.006264283315207514,0.0295671740620418,0.0761338466752215,0.037396094786279,0.0786181988597337
who_said_hello_first_lgs,0.04923690452631872,0.09595711180098494,0.0722915329903811,0.05295768851759586,0.027353739324579178,-0.009550804985423952,0.10020800902853647,0.07730958805150234,-0.07734023945365644,0.18391461854006444,0.31156832603008305,0.14199988565339425,0.24510684300750799,0.29396062054212374,0.15937597643355833,0.05342644283331269,0.26094770904658227,0.09594340752882209,0.05485836533502881,0.43281241634977047,0.27579074726588254,0.31773246065877286,1.0,0.08933371894761108,-0.03464390170046531,0.019180075095292754,0.016236484734571642,0.07347073018593116,0.07709056833472662,0.13465814567594547,0.10578922963000166,0.11527017985937375,0.0834572027030834,0.1167107118488222,-0.011617755732467202,0.03661749323189876,0.0047767324372563705,0.09153749836251643,0.12224846006071409,0.07611969408317758,0.06273777336157602,0.05447609090524189,-0.005474016923888603,0.097936384178509,0.09091279617530228,0.06909423626088927,0.07658855297058524
customer_marketing_experience,0.06498910194443219,0.06571530125912758,0.01795462527163248,0.06866483667780207,-0.008223262670243031,-0.0799590501139795,0.04219671042133429,0.030005819210661294,-0.005060992314682792,0.07654630786905653,0.13356312534230072,-0.01730312779595282,-0.04980723574260763,0.1742333254991476,0.11829226993550275,-0.02648702429048187,0.10407747569750088,0.3239843797853281,-0.03096270406634302,0.21395098048601,0.23695754804845062,0.2636424441593726,0.08933371894761108,1.0,0.00492602889913567,0.003267594522199337,0.022448930458414767,0.034404863675023864,0.04148278306082096,0.11021180837915041,0.02144348481938832,0.08236391347917428,0.06702074709179191,0.0493290584979307,0.022781246272049773,0.01627426111412069,0.029214298042106193,0.059281538881693886,-0.037999034128460424,0.03559556271450555,0.015652761623270575,0.0696979106617252,-0.023908963576858438,-0.005617601808089199,0.028183046840866324,0.04580287978559519,0.05759726021266245
technical_quality_score,-0.014197326313419243,-0.05391703564532732,-0.00034653181297204815,-0.017154133287874646,-0.01665561723028641,0.045320508151953175,0.008182329971061844,0.042795846240147796,-0.03748566668261847,0.01065964310731995,0.04136462505072793,0.13716269718662713,-0.11456665495501238,-0.017409627144130527,-0.003567450176890973,-0.055195717713095845,0.052892940177597866,0.0653439633793644,0.004498999211938953,-0.00011896052746414829,-0.0479073936554344,0.052807341057577076,-0.03464390170046531,0.00492602889913567,1.0,0.05932921099796507,0.03159644037224733,0.003948849049736156,0.010145698940758771,0.016130269136301043,0.013021864324352414,-0.02716940371912446,-0.002110004564855552,-0.02427844043711218,0.016099946386661228,0.010684890148897484,0.04142449857862158,-0.024556809554833275,-0.061403483474592326,-0.055772742809486194,-0.006062984077816345,-0.046752748533913306,-0.004380892832324376,-0.044024631067957565,-0.03000571444182611,0.0010519846484493534,-0.010487500481077426
technical_quality_issues,0.15831475970465014,0.14389154065760412,0.10818578606316201,0.11538185844005484,0.05782489596003426,0.018630014417397294,0.14996241373282862,0.0329290377031526,0.03666335407266302,0.0411495501440618,-0.025803024833350313,-0.00012940525179582152,0.02334148754186348,0.005688218288852819,-0.052370606011748,0.019183654754080737,0.006134043933491812,0.011325856171224669,0.018864182677123628,-0.0504102155449871,-0.024659942415730225,0.001307004657334238,0.019180075095292754,0.003267594522199337,0.05932921099796507,1.0,0.02052446731105389,0.07974429110183216,0.0075568315044080864,0.0014990108566676984,-0.004062103807223984,0.10971588670628163,0.07771996555345613,0.07836465714179963,-0.015960955593818753,0.027559897083457702,-0.045285791340822286,-0.040997468333209205,0.02290862139040815,0.01330858921538892,0.07598384475661578,0.04706418479134609,0.03006981802639712,0.027444945337521974,0.03195181251700548,-0.007375134493523573,0.07678237660637746
TO_OMC_User,0.10120078708544697,0.07081161811683247,0.10089730906763104,0.11503575873703417,-0.012607370380682485,0.023934978664664725,0.11023598839666925,0.055685285775214755,0.008782296940139274,0.040319054244593915,-0.03082414069204796,-0.005572294023999311,0.01918536605221158,0.04606195556328407,-0.005750949300964689,0.036002434027472795,-0.0028483233901488284,-0.016914215091655912,0.019547593073529487,-0.008020282051743264,-0.00036321422068993204,0.014148977121867159,0.016236484734571642,0.022448930458414767,0.03159644037224733,0.02052446731105389,1.0,-0.03980348863126882,0.07482871716232299,-0.000539046353221737,-0.02950000605527274,0.1614109772214638,0.020729387047832885,-0.07927707518069675,-0.06598906787143956,-0.11304206442558346,-0.12177091684324096,-0.05690088490881336,-0.02591345414496125,-0.052148946905570835,0.05177586768702997,-0.006675251748726172,-0.04728315322372443,0.04532403025050986,0.026005308584060857,-0.10645146449750531,-0.04605136704523699
TO_OMC_Disposiion,0.30239785353464627,0.30079001862131177,0.2213953933947577,0.2524667190066129,0.009815362118569792,0.007940206705212975,0.3114198132009414,0.05946668970632105,-0.014260660779338106,0.1116667172468874,0.09585089923160904,0.05366828121603209,0.09545491303579208,0.03554283176057774,0.02125164515317301,-0.03231847494757695,0.11418169928965925,0.09246142136145256,0.2623096092516316,0.05284416181372371,0.041196050197571055,0.02583818030414055,0.07347073018593116,0.034404863675023864,0.003948849049736156,0.07974429110183216,-0.03980348863126882,1.0,0.11795330803019899,0.03277389288467962,0.06827568627024325,0.2770772252762085,0.32873981524300194,0.07886048702158498,0.045604284236765213,0.02183801714560225,0.004175885575368419,0.04042580677354469,0.27223430185836556,0.24095769313539236,0.22495925446922171,0.26540072662585185,0.06898539244876553,0.25703216193677,0.2618988704577407,0.3253196569507262,0.36672334880553403
omc_agent_sentiment_style,0.21650526981496807,0.25837581790363207,0.17005660519023255,0.23827294600246995,0.014502026711445005,-0.04303044829741851,0.24892443044401344,0.053110748639336104,-0.013728535356780355,0.10238405995468128,0.18502383383544788,0.019671497087339958,0.10966388382652076,0.1343722934862972,0.09615782777938771,0.053723304845021566,0.0962832148700098,0.13228007823965196,0.12284779425586398,0.14569401978295443,0.08391572810261212,0.13934249876374244,0.07709056833472662,0.04148278306082096,0.010145698940758771,0.0075568315044080864,0.07482871716232299,0.11795330803019899,1.0,0.2519191732608637,0.27508922081293863,0.41650777885159285,0.35638730120725126,0.1936179055997332,0.23670835979404745,0.27830526486316376,0.22241664796617217,0.23033504077279207,0.25776617919127454,0.14389615374225387,0.19838352733173528,0.1851784512897842,0.04030691080273308,0.2717645049051304,0.2467457519321655,0.1489256605701489,0.2957794627264026
omc_who_said_hello_first,0.11694754254793213,0.13709533292921328,0.0960834892016815,0.12075308294601847,-0.004158856454757148,0.003739105956023749,0.1204498982442565,0.01234785239328908,-0.07120058439560888,0.07046365603015421,0.1848794842467732,0.035110612411714176,0.07769170598747162,0.14791711816564007,0.10996779703035735,0.03317165709520746,0.10495241265795521,0.17435828768002748,0.10405443725146331,0.25612167266397373,0.15548019401382568,0.17520993661212084,0.13465814567594547,0.11021180837915041,0.016130269136301043,0.0014990108566676984,-0.000539046353221737,0.03277389288467962,0.2519191732608637,1.0,0.26688288287513917,0.28123473556312323,0.20921324893295384,0.28276435200519834,0.22423331132335617,0.3288135558344597,0.23385180061934882,0.23545844182202336,0.25205528662676385,0.165600369023393,0.1383153974379801,0.1094079798559997,0.04600107778900041,0.18563261511858828,0.1599367144323811,0.1210948589049816,0.17738089991345046
customer_talk_percentage,0.15497263165981134,0.18504543257426012,0.1308898865129923,0.18455025917191675,-0.026951760788605054,-0.004072863370278831,0.19101137335692656,0.06234803368693508,-0.05823871691529029,0.08664608646974649,0.13894253444799154,0.07383536328491637,0.07711980655144855,0.1150728486548306,0.11757049238617416,0.08963859554685882,0.10991541037511844,0.08443210413747188,0.14865039041435557,0.14357200540008055,0.07904589434729421,0.07912270351869374,0.10578922963000166,0.02144348481938832,0.013021864324352414,-0.004062103807223984,-0.02950000605527274,0.06827568627024325,0.27508922081293863,0.26688288287513917,1.0,0.43160052001143084,0.301881351706457,0.2703229848920961,0.25518997752933215,0.2512931998801663,0.1942190712084193,0.36005756941169687,0.34957892987693373,0.21453760867754976,0.19167107936164518,0.21972974882967292,0.059489063095705265,0.270768345017759,0.29445213276871013,0.15907737336475325,0.27309181650911246
total_discovery_questions,0.4605451261155231,0.4843777739062134,0.37806089637811785,0.4559388863338103,-0.06969245162638528,-0.07634241740764179,0.538114143322861,0.07169287309759358,-0.008995027832955057,0.22978212543168292,0.1835269916184311,0.09285452072524508,0.08091259570230817,0.11077510828191589,0.13726340937127124,0.04188395396849856,0.16383856933230728,0.1799803857316371,0.2108597302927831,0.1497705657612951,0.10008435550421466,0.11845057672435383,0.11527017985937375,0.08236391347917428,-0.02716940371912446,0.10971588670628163,0.1614109772214638,0.2770772252762085,0.41650777885159285,0.28123473556312323,0.43160052001143084,1.0,0.6056408063184793,0.20841311495725887,0.2870497592025196,0.23998781890675583,0.14119575066149298,0.503675236410074,0.37534197970329863,0.33326700949989646,0.3247436955706689,0.2918657053323601,0.13330706362171835,0.396034591876214,0.4915172454452475,0.24811039259037326,0.47946987371467603
total_buying_signals,0.4859534956323501,0.5191606717303153,0.3773309316224491,0.49638235719974044,-0.05597831149089737,-0.061165635320088736,0.5294183699373654,0.08060570056324323,-0.011452412225516195,0.19859915818802076,0.16148358337791663,0.07580801402770426,0.10864698355598237,0.1034616067265648,0.1193924471495742,0.04102050357022146,0.1485556923488309,0.14416703090804076,0.358346886434106,0.10803979476231515,0.08001368753359224,0.09985492678020742,0.0834572027030834,0.06702074709179191,-0.002110004564855552,0.07771996555345613,0.020729387047832885,0.32873981524300194,0.35638730120725126,0.20921324893295384,0.301881351706457,0.6056408063184793,1.0,0.19285155378361343,0.20531550182189945,0.23831104100935702,0.12185611367758524,0.2144921317755853,0.3574318506567863,0.32589293637292527,0.46084113482324823,0.3843079810042887,0.16767986579958355,0.4164490741491846,0.4687867388317828,0.40205696386685674,0.6268856087012986
time_to_reason_seconds,0.05022876630189253,0.07233850939573093,-0.002793385960788687,0.07211364406562445,-0.045622426235582714,-0.013832087437483204,0.09440676030672959,0.0181154915579077,-0.013430717596499294,0.011017656196685294,0.1761365376801762,0.000341726830294681,0.06244599968159307,0.12898477296988736,0.06872578835778075,0.04708198365471376,0.07722615535948921,0.1179943366225325,0.026470397973971885,0.14529963519080338,0.10783255365991065,0.07167211992201128,0.1167107118488222,0.0493290584979307,-0.02427844043711218,0.07836465714179963,-0.07927707518069675,0.07886048702158498,0.1936179055997332,0.28276435200519834,0.2703229848920961,0.20841311495725887,0.19285155378361343,1.0,0.22778797167621015,0.3144252288895138,0.19968672479625968,0.16957813981412098,0.2545072185679938,0.17127942667901086,0.15112314706846275,0.16545699224657617,0.05626944327412031,0.19832158396991856,0.21716759801351937,0.11780105122439456,0.17644935158000924
location_mentioned,0.08495734196423928,0.1264956264894173,0.10445124687590775,0.11811575855159263,-0.09560722139444532,-0.06450475134243137,0.15379760580504145,0.025945958990914755,-0.015338752166169279,0.05332505775458269,0.12169473333476884,0.017838687140522818,-0.008891440298810728,0.05448802072719737,0.014929436062531451,0.00039900872038718064,0.05265133014895528,0.14462279628338667,0.0700076344638619,0.07225662817122488,0.060422250042724085,0.0681718614508198,-0.011617755732467202,0.022781246272049773,0.016099946386661228,-0.015960955593818753,-0.06598906787143956,0.045604284236765213,0.23670835979404745,0.22423331132335617,0.25518997752933215,0.2870497592025196,0.20531550182189945,0.22778797167621015,1.0,0.4790743610455119,0.6889031007957634,0.29795221126328053,0.23430609649992074,0.14910851599829897,0.12489881401553841,0.13535630653346029,0.06372038161869066,0.18822770463931204,0.1367148920727633,0.10470297686616983,0.1822789755539511
business_type_mentioned,0.06774745471115638,0.10386585476408482,0.05574865238016787,0.09632737681188157,0.010806349225851828,-0.015543610198968851,0.11359802730698665,0.007044892106146365,-0.020979660418603236,0.03272481841414063,0.1385197692371053,0.0027224793827117393,-0.028256801992005618,0.055046705580318475,-0.003795700318358446,-0.0048208691285148,0.02134327729927497,0.09845891329202072,0.04273543824083588,0.140291125735033,0.029329807810464743,0.07878260592585891,0.03661749323189876,0.01627426111412069,0.010684890148897484,0.027559897083457702,-0.11304206442558346,0.02183801714560225,0.27830526486316376,0.3288135558344597,0.2512931998801663,0.23998781890675583,0.23831104100935702,0.3144252288895138,0.4790743610455119,1.0,0.627282408674199,0.10296614120164496,0.23951508438375366,0.17170228466283843,0.1328223789778066,0.14150094889433107,0.05694756860941348,0.20782217499788316,0.1697350002428805,0.09494961541792206,0.20356318519685832
within_45_seconds,-0.03375075371418374,0.010381661667404526,0.006555274050157094,0.03890965331995559,-0.05787865853073,-0.03960120442960055,0.016001303974043375,0.012432106936321597,0.01701856766245152,0.01379908608079839,0.07894464114860576,0.008462117421524636,-0.025128994280090376,0.02718164173092921,0.007395931182830942,-0.050121326348062545,0.030595932521822942,0.10297810315732589,0.023060294206316202,0.09371018585401752,0.044176178007584256,0.07133689473332151,0.0047767324372563705,0.029214298042106193,0.04142449857862158,-0.045285791340822286,-0.12177091684324096,0.004175885575368419,0.22241664796617217,0.23385180061934882,0.1942190712084193,0.14119575066149298,0.12185611367758524,0.19968672479625968,0.6889031007957634,0.627282408674199,1.0,0.1965462315011783,0.16587239618237268,0.129807961409034,0.06842689156252986,0.09856028791267307,0.01271442803035153,0.09966188718195201,0.08005924756752707,0.06850008459467846,0.10345880869741893
call_structure_framed,0.10073775670090022,0.12154234510516235,0.07646979233906857,0.10733635371588353,-0.05066613973027659,-0.0366864788725171,0.15116464545300826,0.00917440210586789,-0.0022276739066078547,0.09102715526353812,0.1573205692737007,0.06261427188699688,0.033959000102694106,0.09313521071015138,0.10040500745288722,0.0168931191706965,0.0928002105508917,0.11209555610435996,0.07503416035577484,0.17078590631793997,0.1008844540229165,0.13148054129317138,0.09153749836251643,0.059281538881693886,-0.024556809554833275,-0.040997468333209205,-0.05690088490881336,0.04042580677354469,0.23033504077279207,0.23545844182202336,0.36005756941169687,0.503675236410074,0.2144921317755853,0.16957813981412098,0.29795221126328053,0.10296614120164496,0.1965462315011783,1.0,0.25835003833216874,0.2626490859539202,0.12903272293784093,0.10678509067611418,0.0036750835959075126,0.16935935483260361,0.2585638901797337,0.14185459387100405,0.1941840215732189
total_objections,0.2530660881951978,0.2892430883643046,0.17975413370529486,0.2409610839128981,-0.03275050533722918,-0.004045435577365976,0.30872199407837037,0.04725248243492966,-0.03606061464568675,0.05648878149821631,0.1531287581512892,0.0670889917461772,0.1440335532863185,0.10699220080639296,0.08893033235974038,0.06134824814381636,0.10372027532874013,0.047488822396136804,0.2379314117827825,0.15394118545246466,0.0623780716610549,0.04234972840104137,0.12224846006071409,-0.037999034128460424,-0.061403483474592326,0.02290862139040815,-0.02591345414496125,0.27223430185836556,0.25776617919127454,0.25205528662676385,0.34957892987693373,0.37534197970329863,0.3574318506567863,0.2545072185679938,0.23430609649992074,0.23951508438375366,0.16587239618237268,0.25835003833216874,1.0,0.6245226317643175,0.4023184011969785,0.375760352386879,0.15071465433005887,0.7603505984098349,0.45012028481634536,0.28168048654693534,0.3986391562869849
objections_acknowledged,0.24820376704607428,0.23536220038244568,0.15281388237134985,0.23806369593558682,-0.03220173897523127,-0.010081883420973648,0.2738099175279058,0.04989743280363099,-0.0015535367298309792,0.11515714413499499,0.16956262579826925,0.08888112805440318,0.10864007632931448,0.12337474667828184,0.08204048160849502,0.09002599072123069,0.10210403661404577,0.064609815412172,0.17477058293468178,0.12178519156330685,0.10790603379342513,0.028324884607088957,0.07611969408317758,0.03559556271450555,-0.055772742809486194,0.01330858921538892,-0.052148946905570835,0.24095769313539236,0.14389615374225387,0.165600369023393,0.21453760867754976,0.33326700949989646,0.32589293637292527,0.17127942667901086,0.14910851599829897,0.17170228466283843,0.129807961409034,0.2626490859539202,0.6245226317643175,1.0,0.27064822899477864,0.3293394010386001,0.14178136232526942,0.5438896942796538,0.358964707265186,0.3439279410942881,0.3515601148020896
